0 0.6 999 999 999 999 999 999 999 999 999 999 999 999 999 999 999 999 999 999 999 999 999 999 999 999 999 999 999 999 24.9 999 999 999 999 999 999 999 999 999 999 999 999 999 999 999 999 999 999 999 999
0.6 0 0.6 999 999 999 999 999 999 999 999 999 999 999 999 999 8.1 999 999 999 999 999 999 999 999 999 999 999 999 999 999 999 999 999 999 999 999 999 999 999 999 999 999 999 999 999 999 999 999 999 999
999 0.6 0 3.4 999 999 999 999 999 999 999 999 999 999 999 999 999 999 999 999 999 999 999 999 999 999 999 999 999 999 999 999 999 999 999 999 999 999 999 999 999 999 999 999 999 999 999 999 999 999 999
999 999 3.4 0 1.4 3.4 999 999 999 999 999 999 999 999 999 999 999 999 999 999 999 999 999 999 999 999 999 999 999 999 999 999 999 999 999 999 999 999 999 999 999 999 999 999 999 999 999 999 999 999 999
999 999 999 1.4 0 999 999 999 999 999 999 999 999 999 999 999 999 999 999 999 999 999 999 999 999 2.5 999 999 999 999 999 999 999 999 999 999 999 999 999 999 999 999 999 999 999 999 999 999 999 999 999
999 999 999 3.4 999 0 2.4 2.7 999 999 999 999 999 999 999 999 999 999 999 999 999 999 999 999 999 4.8 999 999 999 999 999 999 999 999 999 999 999 999 999 999 999 999 999 999 999 999 999 999 999 999 999
999 999 999 999 999 2.4 0 999 999 2.6 999 999 999 999 999 999 999 999 999 999 999 999 999 999 999 999 999 999 3 3.8 999 999 999 999 999 999 999 999 999 999 999 999 999 999 999 999 999 999 999 999 999
999 999 999 999 999 2.7 999 0 0.9 2.3 999 0.2 1.5 999 999 999 999 999 999 999 999 999 999 999 999 999 999 999 999 999 999 999 999 999 999 999 999 999 999 999 999 999 999 999 999 999 999 999 999 999 999
999 999 999 999 999 999 999 0.9 0 999 999 0.2 999 1.5 999 999 999 1.1 999 999 999 999 999 999 999 999 999 999 999 999 999 999 999 999 999 999 999 999 999 999 999 999 999 999 999 999 999 999 999 999 999
999 999 999 999 999 999 2.6 2.3 999 0 1.2 0.2 999 999 999 999 999 999 999 999 999 999 999 999 999 999 999 999 999 999 999 1.5 999 1.65 999 999 999 999 999 999 999 999 999 999 999 999 999 999 999 999 999
999 999 999 999 999 999 999 999 999 1.2 0 0.2 999 999 999 999 999 999 999 2.6 2.9 999 999 999 999 999 999 999 999 999 999 1.4 1.65 999 999 999 999 999 999 999 999 999 999 999 999 999 999 999 999 999 999
999 999 999 999 999 999 999 0.2 0.2 0.2 0.2 0 999 999 999 999 999 999 999 999 999 999 999 999 999 999 999 999 999 999 999 999 999 999 999 999 999 999 999 999 999 999 999 999 999 999 0.8 999 999 999 999
999 999 999 999 999 999 999 1.5 999 999 999 999 0 1.8 1.3 0.5 999 999 999 999 999 999 999 999 999 999 999 999 999 999 999 999 999 999 999 999 999 999 999 999 999 999 999 999 999 999 999 999 999 999 999
999 999 999 999 999 999 999 999 1.5 999 999 999 1.8 0 1.2 1.7 999 999 999 999 999 999 999 999 999 999 999 999 999 999 999 999 999 999 999 999 999 999 999 999 999 999 999 999 999 999 999 999 999 999 999
999 999 999 999 999 999 999 999 999 999 999 999 1.3 1.2 0 999 999 999 999 999 999 999 999 999 999 999 999 999 999 999 999 999 999 999 999 999 999 999 999 999 999 999 999 999 999 999 999 999 999 999 999
999 999 999 999 999 999 999 999 999 999 999 999 0.5 1.7 999 0 3.1 999 999 999 999 999 999 999 999 999 999 999 999 999 999 999 999 999 999 999 999 999 999 999 999 999 999 999 999 999 999 999 999 999 999
999 8.1 999 999 999 999 999 999 999 999 999 999 999 999 999 3.1 0 999 999 999 999 999 999 999 999 999 999 999 999 999 999 999 999 999 999 999 999 999 999 999 999 999 999 999 999 999 999 999 999 999 999
999 999 999 999 999 999 999 999 1.1 999 999 999 999 999 999 999 999 0 1.7 999 999 999 999 999 999 999 999 999 999 999 999 999 999 999 999 999 999 999 999 999 999 999 999 999 999 999 999 999 999 999 999
999 999 999 999 999 999 999 999 999 999 999 999 999 999 999 999 999 1.7 0 2.1 999 3.8 4.5 999 999 999 999 999 999 999 999 999 999 999 999 999 999 999 999 999 999 999 999 999 999 999 1.1 999 999 999 999
999 999 999 999 999 999 999 999 999 999 2.6 999 999 999 999 999 999 999 2.1 0 0.5 2.4 1.7 999 999 999 999 999 999 999 999 999 999 999 999 999 999 999 999 999 999 999 999 999 999 999 1.1 999 999 999 999
999 999 999 999 999 999 999 999 999 999 2.9 999 999 999 999 999 999 999 999 0.5 0 999 1.1 999 999 999 999 999 999 999 999 999 999 999 999 999 999 999 999 999 999 999 999 999 999 999 999 999 999 999 999
999 999 999 999 999 999 999 999 999 999 999 999 999 999 999 999 999 999 3.8 2.4 999 0 1.2 999 999 999 999 999 999 999 999 999 999 999 999 999 999 999 999 999 999 999 999 999 999 999 999 0.5 999 999 999
999 999 999 999 999 999 999 999 999 999 999 999 999 999 999 999 999 999 4.5 1.7 1.1 1.2 0 2.6 3.7 999 999 999 999 999 999 999 999 999 999 999 999 999 7.9 999 999 999 999 999 999 999 999 999 999 999 999
999 999 999 999 999 999 999 999 999 999 999 999 999 999 999 999 999 999 999 999 999 999 2.6 0 3.6 999 999 999 999 999 999 999 999 999 999 999 999 6.8 999 999 999 999 999 999 999 999 999 999 999 999 999
999 999 999 999 999 999 999 999 999 999 999 999 999 999 999 999 999 999 999 999 999 999 3.7 3.6 0 999 999 999 999 999 999 999 999 999 999 999 999 999 999 999 999 999 999 999 999 999 999 999 999 999 999
999 999 999 999 2.5 4.8 999 999 999 999 999 999 999 999 999 999 999 999 999 999 999 999 999 999 999 0 0.3 999 999 999 999 999 999 999 999 999 999 999 999 999 999 999 999 999 999 999 999 999 999 999 999
999 999 999 999 999 999 999 999 999 999 999 999 999 999 999 999 999 999 999 999 999 999 999 999 999 0.3 0 1.1 999 999 999 999 999 999 999 999 999 999 999 999 999 999 999 999 999 999 999 999 999 1.5 999
999 999 999 999 999 999 999 999 999 999 999 999 999 999 999 999 999 999 999 999 999 999 999 999 999 999 1.1 0 1.2 999 999 999 999 999 999 999 999 999 999 999 999 999 999 999 999 999 999 999 1.3 999 999
999 999 999 999 999 999 3 999 999 999 999 999 999 999 999 999 999 999 999 999 999 999 999 999 999 999 999 1.2 0 1 999 999 999 999 999 999 999 999 999 999 999 999 999 999 999 999 999 999 999 999 999
999 999 999 999 999 999 3.8 999 999 999 999 999 999 999 999 999 999 999 999 999 999 999 999 999 999 999 999 999 1 0 4.5 999 999 999 999 999 999 999 999 999 999 999 999 999 999 999 999 999 999 999 999
24.9 999 999 999 999 999 999 999 999 999 999 999 999 999 999 999 999 999 999 999 999 999 999 999 999 999 999 999 999 4.5 0 999 999 999 999 999 999 14.4 13.3 999 999 999 2.2 0.8 3 999 999 999 999 999 999
999 999 999 999 999 999 999 999 999 1.5 1.4 999 999 999 999 999 999 999 999 999 999 999 999 999 999 999 999 999 999 999 999 0 0.6 0.9 999 999 999 999 999 999 999 999 999 999 999 999 999 999 999 999 999
999 999 999 999 999 999 999 999 999 999 999 999 999 999 999 999 999 999 999 999 999 999 999 999 999 999 999 999 999 999 999 0.6 0 999 0.7 1.3 999 999 999 999 999 999 999 999 999 999 999 999 999 999 999
999 999 999 999 999 999 999 999 999 1.65 999 999 999 999 999 999 999 999 999 999 999 999 999 999 999 999 999 999 999 999 999 0.9 999 0 0.7 999 1.3 999 999 999 999 999 999 999 999 999 999 999 999 999 999
999 999 999 999 999 999 999 999 999 999 999 999 999 999 999 999 999 999 999 999 999 999 999 999 999 999 999 999 999 999 999 999 0.7 0.7 0 999 999 999 999 999 999 999 999 999 999 999 999 999 999 999 999
999 999 999 999 999 999 999 999 999 999 999 999 999 999 999 999 999 999 999 999 999 999 999 999 999 999 999 999 999 999 999 999 999 999 999 0 1.6 1.2 1.8 999 999 999 999 999 999 999 999 999 999 999 999
999 999 999 999 999 999 999 999 999 999 999 999 999 999 999 999 999 999 999 999 999 999 999 999 999 999 999 999 999 999 999 999 999 1.3 999 1.6 0 999 999 999 999 999 999 999 999 999 999 999 999 999 999
999 999 999 999 999 999 999 999 999 999 999 999 999 999 999 999 999 999 999 999 999 999 999 6.8 999 999 999 999 999 999 14.4 999 999 999 999 1.2 999 0 1.3 999 999 999 999 999 999 999 999 999 999 999 999
999 999 999 999 999 999 999 999 999 999 999 999 999 999 999 999 999 999 999 999 999 999 999 7.9 999 999 999 999 999 999 13.3 999 999 999 999 1.8 999 1.3 0 999 999 999 999 999 999 999 999 999 999 999 999
999 999 999 999 999 999 999 999 999 999 999 999 999 999 999 999 999 999 999 999 999 999 999 999 999 999 999 999 999 999 999 999 999 999 999 999 999 999 999 0 1.1 1.7 999 999 999 1.1 999 999 999 999 1.5
999 999 999 999 999 999 999 999 999 999 999 999 999 999 999 999 999 999 999 999 999 999 999 999 999 999 999 999 999 999 999 999 999 999 999 999 999 999 999 1.1 0 1.1 999 999 999 999 999 999 999 999 999
999 999 999 999 999 999 999 999 999 999 999 999 999 999 999 999 999 999 999 999 999 999 999 999 999 999 999 999 999 999 999 999 999 999 999 999 999 999 999 1.7 1.1 0 0.5 0.5 999 1.3 999 999 0.8 999 999
999 999 999 999 999 999 999 999 999 999 999 999 999 999 999 999 999 999 999 999 999 999 999 999 999 999 999 999 999 999 2.2 999 999 999 999 999 999 999 999 999 999 0.5 0 999 0.5 999 999 999 999 999 999
999 999 999 999 999 999 999 999 999 999 999 999 999 999 999 999 999 999 999 999 999 999 999 999 999 999 999 999 999 999 0.8 999 999 999 999 999 999 999 999 999 999 0.5 999 0 0.5 999 999 999 999 999 999
999 999 999 999 999 999 999 999 999 999 999 999 999 999 999 999 999 999 999 999 999 999 999 999 999 999 999 999 999 999 3 999 999 999 999 999 999 999 999 999 999 999 0.5 0.5 0 999 999 999 999 999 999
999 999 999 999 999 999 999 999 999 999 999 999 999 999 999 999 999 999 999 999 999 999 999 999 999 999 999 999 999 999 999 999 999 999 999 999 999 999 999 1.1 999 1.3 999 999 999 0 999 999 999 999 0.4
999 999 999 999 999 999 999 999 999 999 999 0.8 999 999 999 999 999 999 1.1 1.1 999 999 999 999 999 999 999 999 999 999 999 999 999 999 999 999 999 999 999 999 999 999 999 999 999 999 0 999 999 999 999
999 999 999 999 999 999 999 999 999 999 999 999 999 999 999 999 999 999 999 999 999 0.5 999 999 999 999 999 999 999 999 999 999 999 999 999 999 999 999 999 999 999 999 999 999 999 999 999 0 999 999 999
999 999 999 999 999 999 999 999 999 999 999 999 999 999 999 999 999 999 999 999 999 999 999 999 999 999 999 1.3 999 999 999 999 999 999 999 999 999 999 999 999 999 0.8 999 999 999 999 999 999 0 1.7 999
999 999 999 999 999 999 999 999 999 999 999 999 999 999 999 999 999 999 999 999 999 999 999 999 999 999 1.5 999 999 999 999 999 999 999 999 999 999 999 999 999 999 999 999 999 999 999 999 999 1.7 0 0.8
999 999 999 999 999 999 999 999 999 999 999 999 999 999 999 999 999 999 999 999 999 999 999 999 999 999 999 999 999 999 999 999 999 999 999 999 999 999 999 1.5 999 999 999 999 999 0.4 999 999 999 0.8 999
